0000,espriella,934,10,1,-3,29,4,22,27,2,20,954-954-954-954-954-954-954-954-954-934,-,10,0,0,0
0001,taction,996,9,4,-5,25,24,7,23,22,5,1032-1032-1032-1032-1032-1032-1032-1032-996-996,-,10,0,6,0
0002,shotbush,984,9,5,-2,22,9,5,20,7,3,975-975-975-975-975-975-975-975-1002-984,-,10,0,0,0
0003,reesk,1420,3,2,-1,21,12,19,19,10,17,1414-1414-1414-1414-1414-1414-1414-1414-1417-1420,-,10,0,9,1
0004,interlay,912,8,3,-4,13,16,26,11,14,24,968-968-968-968-968-968-968-968-936-912,-,10,0,0,0
0005,androgyny,1170,10,2,-5,10,20,29,8,18,27,1180-1180-1180-1180-1180-1180-1180-1180-1150-1170,-,10,0,0,0
0006,lavatorial,1410,3,3,-4,8,10,27,6,8,25,1407-1407-1407-1407-1407-1407-1407-1407-1410-1410,-,10,0,0,0
0007,guric,1157,8,4,-3,20,6,6,18,4,4,1205-1205-1205-1205-1205-1205-1205-1205-1181-1157,-,10,0,0,0
0008,genesiac,1226,7,1,-2,20,13,13,18,11,11,1240-1240-1240-1240-1240-1240-1240-1240-1240-1226,-,10,0,0,0
0009,plunther,1253,1,4,-5,16,17,8,14,15,6,1263-1263-1263-1263-1263-1263-1263-1263-1258-1253,-,10,0,8,0
0010,minionism,866,1,3,-4,7,7,20,5,5,18,861-861-861-861-861-861-861-861-864-866,-,10,0,0,0
0011,jasperated,1201,7,4,-5,11,23,6,9,21,4,1180-1180-1180-1180-1180-1180-1180-1180-1180-1201,-,10,1,0,0
0012,brushproof,671,6,1,-3,4,21,9,2,19,7,665-665-665-665-665-665-665-665-671-671,-,10,0,0,0
0013,duit,998,7,2,-3,14,5,8,12,3,6,991-991-991-991-991-991-991-991-984-998,-,10,1,0,0
0014,wittily,1100,6,2,-4,3,25,25,1,23,23,1076-1076-1076-1076-1076-1076-1076-1076-1088-1100,-,10,0,0,0
0015,litigatory,1369,6,5,-5,15,10,23,13,8,21,1363-1363-1363-1363-1363-1363-1363-1363-1369-1369,-,10,0,0,0
0016,muffish,704,5,4,-2,10,30,15,8,28,13,694-694-694-694-694-694-694-694-699-704,-,10,0,0,0
0017,aruac,794,1,1,-3,27,6,30,25,4,28,795-795-795-795-795-795-795-795-794-794,-,10,0,0,0
0018,bulbil,1384,3,4,-1,29,28,26,27,26,24,1387-1387-1387-1387-1387-1387-1387-1387-1384-1384,-,10,0,0,0
0019,colliery,1064,8,2,-5,18,20,9,16,18,7,1096-1096-1096-1096-1096-1096-1096-1096-1080-1064,-,10,0,0,0
0020,thereamong,649,10,2,-3,13,13,9,11,11,7,679-679-679-679-679-679-679-679-659-649,-,10,0,0,0
0021,dromos,1377,4,3,-3,1,30,24,1,28,22,1385-1385-1385-1385-1385-1385-1385-1385-1385-1377,-,10,0,0,0
0022,versiloquy,1001,10,5,-1,5,9,21,3,7,19,951-951-951-951-951-951-951-951-991-1001,-,10,0,0,0
0023,insurgent,1110,7,1,-5,4,30,20,2,28,18,1159-1159-1159-1159-1159-1159-1159-1159-1145-1110,-,10,0,0,0
0024,exacting,811,2,2,-5,13,3,22,11,1,20,813-813-813-813-813-813-813-813-815-811,-,10,0,0,0
0025,barricado,846,3,4,-2,9,14,25,7,12,23,855-855-855-855-855-855-855-855-852-846,-,10,6,0,0
0026,paracress,776,3,2,-2,6,24,1,4,22,1,776-776-776-776-776-776-776-776-779-776,-,10,0,0,0
0027,selfish,775,4,2,-4,18,22,29,16,20,27,791-791-791-791-791-791-791-791-783-775,-,10,8,0,0
0028,faventine,1024,8,1,-4,15,25,9,13,23,7,1008-1008-1008-1008-1008-1008-1008-1008-1016-1024,-,10,0,9,0
0029,heel,713,1,1,-5,1,8,13,1,6,11,727-727-727-727-727-727-727-727-715-713,-,10,0,0,0
0030,orisphere,1044,9,5,-3,29,8,17,27,6,15,1026-1026-1026-1026-1026-1026-1026-1026-1035-1044,-,10,0,0,0
0031,outstep,992,9,4,-1,21,9,30,19,7,28,956-956-956-956-956-956-956-956-974-992,-,10,0,0,0
0032,talonic,758,8,2,-3,25,22,12,23,20,10,774-774-774-774-774-774-774-774-774-758,-,10,0,0,0
0033,inutility,694,10,2,-4,7,28,26,5,26,24,704-704-704-704-704-704-704-704-694-694,-,10,0,0,0
0034,piarhemia,1433,9,2,-1,16,12,13,14,10,11,1406-1406-1406-1406-1406-1406-1406-1406-1424-1433,-,10,0,0,0
0035,velodrome,737,4,5,-4,11,3,12,9,1,10,737-737-737-737-737-737-737-737-749-737,-,10,0,0,0
0036,warning,571,7,5,-2,4,13,2,2,11,2,578-578-578-578-578-578-578-578-543-571,-,10,0,0,0
0037,tenaculum,1435,8,1,-1,21,9,2,19,7,2,1475-1475-1475-1475-1475-1475-1475-1475-1443-1435,-,10,0,0,0
0038,frenetic,609,8,4,-1,21,12,14,19,10,12,585-585-585-585-585-585-585-585-585-609,-,10,0,8,0
0039,rearisal,869,3,1,-2,22,1,22,20,1,20,881-881-881-881-881-881-881-881-875-869,-,10,0,0,0
0040,carbonyl,671,7,1,-2,8,12,30,6,10,28,692-692-692-692-692-692-692-692-678-671,-,10,0,0,0
0041,tineoid,1275,9,3,-5,10,28,7,8,26,5,1257-1257-1257-1257-1257-1257-1257-1257-1275-1275,-,10,0,0,0
0042,lafayette,657,1,3,-3,15,2,23,13,2,21,653-653-653-653-653-653-653-653-654-657,-,10,0,0,0
0043,woodwardia,700,10,5,-2,6,8,13,4,6,11,730-730-730-730-730-730-730-730-710-700,-,10,0,0,0
0044,teety,782,1,5,-4,3,9,18,1,7,16,778-778-778-778-778-778-778-778-781-782,-,10,0,0,0
0045,unswathe,1149,8,3,-5,23,8,23,21,6,21,1141-1141-1141-1141-1141-1141-1141-1141-1133-1149,-,10,0,0,0
0046,tectosages,780,9,1,-4,21,5,18,19,3,16,834-834-834-834-834-834-834-834-798-780,-,10,0,0,0
0047,punditry,1273,9,5,-3,2,2,23,2,2,21,1264-1264-1264-1264-1264-1264-1264-1264-1264-1273,-,10,0,0,0
0048,ocypodoid,721,7,5,-4,24,8,27,22,6,25,707-707-707-707-707-707-707-707-721-721,-,10,0,0,0
0049,semiwild,1098,10,5,-4,17,27,2,15,25,2,1068-1068-1068-1068-1068-1068-1068-1068-1118-1098,-,10,0,0,0
0050,irredenta,843,6,2,-4,28,22,6,26,20,4,855-855-855-855-855-855-855-855-855-843,-,10,0,4,0
0051,bothersome,852,7,2,-2,10,20,26,8,18,24,845-845-845-845-845-845-845-845-838-852,-,10,0,0,0
0052,autarkist,1407,7,4,-2,29,19,17,27,17,15,1372-1372-1372-1372-1372-1372-1372-1372-1393-1407,-,10,0,0,0
0053,wodge,636,1,5,-2,23,3,8,21,1,6,638-638-638-638-638-638-638-638-637-636,-,10,0,0,0
0054,myelonal,656,10,1,-2,14,1,4,12,1,2,676-676-676-676-676-676-676-676-676-656,-,10,0,0,0
0055,diaeretic,694,3,3,-1,7,16,25,5,14,23,679-679-679-679-679-679-679-679-685-694,-,10,0,0,0
0056,chisel,1442,2,2,-3,17,15,14,15,13,12,1444-1444-1444-1444-1444-1444-1444-1444-1440-1442,-,10,0,14,0
0057,ecosystem,1298,2,5,-3,27,8,6,25,6,4,1304-1304-1304-1304-1304-1304-1304-1304-1298-1298,-,10,0,0,0
0058,xanthine,547,6,2,-2,7,1,2,5,1,2,553-553-553-553-553-553-553-553-547-547,-,10,0,0,0
0059,eudyptes,1189,6,4,-4,5,2,25,3,2,23,1231-1231-1231-1231-1231-1231-1231-1231-1207-1189,-,10,0,0,0
0060,zoacum,877,3,2,-2,6,26,2,4,24,2,886-886-886-886-886-886-886-886-883-877,-,10,0,0,0
0061,unveneered,690,9,5,-2,26,30,22,24,28,20,645-645-645-645-645-645-645-645-645-690,-,10,0,6,2
0062,hammerhead,1328,4,1,-5,16,21,20,14,19,18,1348-1348-1348-1348-1348-1348-1348-1348-1344-1328,-,10,0,0,0
0063,tootlish,547,8,2,-4,16,25,6,14,23,4,547-547-547-547-547-547-547-547-555-547,-,10,10,0,0
0064,avicennism,905,2,4,-1,14,28,26,12,26,24,903-903-903-903-903-903-903-903-907-905,-,10,0,0,0
0065,metacarpus,811,3,1,-5,24,26,10,22,24,8,832-832-832-832-832-832-832-832-823-811,-,10,0,0,0
0066,supersolid,1276,4,1,-2,7,12,24,5,10,22,1280-1280-1280-1280-1280-1280-1280-1280-1284-1276,-,10,0,3,0
0067,zincum,944,6,3,-4,22,4,24,20,2,22,950-950-950-950-950-950-950-950-926-944,-,10,0,0,0
0068,whistle,890,4,5,-2,17,18,14,15,16,12,878-878-878-878-878-878-878-878-882-890,-,10,0,0,0
0069,enrange,996,2,4,-4,28,8,18,26,6,16,994-994-994-994-994-994-994-994-996-996,-,10,0,0,0
0070,anchorage,895,2,3,-5,2,8,19,2,6,17,899-899-899-899-899-899-899-899-891-895,-,10,0,0,0
0071,breakfast,550,10,5,-4,17,6,17,15,4,15,540-540-540-540-540-540-540-540-530-550,-,10,0,0,0
0072,gunbearer,660,6,2,-5,27,23,30,25,21,28,654-654-654-654-654-654-654-654-654-660,-,10,0,0,0
0073,koran,854,1,3,-5,17,11,22,15,9,20,854-854-854-854-854-854-854-854-854-854,-,10,0,0,0
0074,mesodesma,1326,2,1,-1,10,10,5,8,8,3,1328-1328-1328-1328-1328-1328-1328-1328-1326-1326,-,10,0,0,0
0075,dither,745,7,1,-1,13,2,18,11,2,16,731-731-731-731-731-731-731-731-738-745,-,10,0,0,0
0076,staddling,857,3,1,-4,14,14,5,12,12,3,866-866-866-866-866-866-866-866-863-857,-,10,0,0,0
0077,oligaemia,1108,1,2,-1,10,3,2,8,1,2,1110-1110-1110-1110-1110-1110-1110-1110-1108-1108,-,10,0,0,0
0078,genetta,1162,9,5,-1,4,5,23,2,3,21,1126-1126-1126-1126-1126-1126-1126-1126-1171-1162,-,10,0,0,0
0079,houghband,619,5,4,-4,21,17,30,19,15,28,584-584-584-584-584-584-584-584-604-619,-,10,0,5,0
0080,decider,1085,6,5,-2,23,5,30,21,3,28,1085-1085-1085-1085-1085-1085-1085-1085-1079-1085,-,10,0,0,0
0081,maamselle,1107,4,1,-2,13,23,15,11,21,13,1099-1099-1099-1099-1099-1099-1099-1099-1103-1107,-,10,0,0,0
0082,reachable,1341,8,3,-1,1,26,1,1,24,1,1320-1320-1320-1320-1320-1320-1320-1320-1341-1341,-,10,0,0,0
0083,unbusk,1177,6,4,-3,29,3,3,27,1,1,1147-1147-1147-1147-1147-1147-1147-1147-1171-1177,-,10,0,0,0
0084,strike,1415,8,4,-5,29,5,14,27,3,12,1439-1439-1439-1439-1439-1439-1439-1439-1431-1415,-,10,1,0,0
0085,jolty,519,3,2,-4,30,21,27,28,19,25,522-522-522-522-522-522-522-522-513-519,-,10,0,0,0
0086,olympionic,1381,2,2,-5,16,1,26,14,1,24,1381-1381-1381-1381-1381-1381-1381-1381-1385-1381,-,10,0,0,0
0087,mamilius,718,5,2,-2,20,6,9,18,4,7,698-698-698-698-698-698-698-698-708-718,-,10,0,0,0
0088,hoverer,1487,1,2,-3,4,4,30,2,2,28,1493-1493-1493-1493-1493-1493-1493-1493-1490-1487,-,10,0,2,0
0089,diactinic,1267,7,4,-5,19,13,13,17,11,11,1281-1281-1281-1281-1281-1281-1281-1281-1260-1267,-,10,0,0,0
0090,handygrip,1403,5,2,-1,20,3,13,18,1,11,1398-1398-1398-1398-1398-1398-1398-1398-1398-1403,-,10,0,1,0
0091,interester,1313,8,2,-2,13,26,5,11,24,3,1305-1305-1305-1305-1305-1305-1305-1305-1313-1313,-,10,0,0,0
0092,profligate,1106,10,3,-2,10,16,2,8,14,2,1086-1086-1086-1086-1086-1086-1086-1086-1076-1106,-,10,0,0,0
0093,otuquian,1226,3,5,-2,17,3,6,15,1,4,1232-1232-1232-1232-1232-1232-1232-1232-1229-1226,-,10,0,0,0
0094,quoniam,1052,9,2,-2,24,29,11,22,27,9,1025-1025-1025-1025-1025-1025-1025-1025-1034-1052,-,10,0,0,0
0095,fair,1044,3,1,-2,19,24,13,17,22,11,1047-1047-1047-1047-1047-1047-1047-1047-1047-1044,-,10,0,0,0
0096,replacer,1262,10,2,-4,12,13,16,10,11,14,1322-1322-1322-1322-1322-1322-1322-1322-1292-1262,-,10,0,0,0
0097,underhabit,703,2,1,-5,18,30,18,16,28,16,713-713-713-713-713-713-713-713-711-703,-,10,0,14,0
0098,cadism,927,6,4,-1,5,29,28,3,27,26,903-903-903-903-903-903-903-903-903-927,-,10,0,0,0
0099,subround,1013,7,3,-3,10,3,13,8,1,11,992-992-992-992-992-992-992-992-1013-1013,-,10,0,0,0
